316,35
250,1
249,3
249,1
248,4
248,3
248,1
239,4
239,1
238,4
238,3
238,1
186,6
186,5
186,4
186,3
186,1
184,3
171,3
171,1
161,4
161,3
161,1
139,10
139,8
139,7
139,6
139,5
139,4
139,1
116,3
116,1
107,5
107,4
107,3
107,1
106,4
106,3
106,1
97,6
97,3
97,1
94,6
94,5
94,4
94,3
94,1
10,90
62,2
10,300
10,92
60,6
60,1
50,5
10,136
50,3
50,1
46,5
46,4
10,234
46,3
46,1
14,25
10,158
10,6
14,24
10,296
14,20
11,20
11,21
14,19
14,8
13,5
11,30
11,29
11,28
11,27
11,26
11,25
11,24
11,23
11,22
11,19
11,18
11,16
8,17
8,8
11,14
11,12
11,11
11,9
11,8
12,2
12,1
11,7
11,6
11,4
11,3
12,3
11,2
11,1
10,309
10,305
10,302
10,284
10,251
10,243
10,239
10,233
10,217
10,215
10,213
10,201
10,197
10,194
10,192
20,2
20,1
10,180
20,3
10,173
19,2
19,1
10,167
19,3
10,125
10,119
10,117
10,115
10,105
10,99
10,77
10,74
10,16
10,3
10,2
10,1
9,7
9,6
9,4
9,3
9,2
18,1
9,1
18,3
14,1
14,4
8,18
8,10
8,7
8,6
8,5
8,4
8,3
14,3
13,1
8,2
13,4
8,1
3,3
13,3
3,2
3,1
0,549
2,2
2,1
0,503
2,3
0,462
0,456
0,452
0,0
316,34
316,33
316,32
316,31
316,30
316,29
316,28
316,27
316,26
316,25
316,24
316,23
316,22
316,21
316,20
316,19
316,18
316,17
316,16
316,15
316,14
316,13
316,12
316,11
316,10
316,9
316,8
316,7
316,6
316,5
316,4
316,3
316,2
